
Similarity Matrix:
	romeo	forest	battle	fool	good	sweet	war	love	juliet	death	river	tree
romeo	1.0	0.086	0.111	0.164	0.107	0.127	0.118	0.132	0.297	0.172	0.041	0.11
forest	0.086	1.0	0.122	0.088	0.024	0.03	0.053	0.079	0.053	0.103	0.092	0.105
battle	0.111	0.122	1.0	0.089	0.066	0.094	0.19	0.112	0.062	0.181	0.046	0.087
fool	0.164	0.088	0.089	1.0	0.105	0.11	0.109	0.115	0.116	0.141	0.107	0.085
good	0.107	0.024	0.066	0.105	1.0	0.19	0.107	0.054	0.125	0.095	0.048	0.02
sweet	0.127	0.03	0.094	0.11	0.19	1.0	0.093	0.121	0.108	0.138	0.021	0.086
war	0.118	0.053	0.19	0.109	0.107	0.093	1.0	0.095	0.104	0.192	0.1	0.065
love	0.132	0.079	0.112	0.115	0.054	0.121	0.095	1.0	0.074	0.128	0.031	0.066
juliet	0.297	0.053	0.062	0.116	0.125	0.108	0.104	0.074	1.0	0.182	0.094	0.092
death	0.172	0.103	0.181	0.141	0.095	0.138	0.192	0.128	0.182	1.0	0.062	0.17
river	0.041	0.092	0.046	0.107	0.048	0.021	0.1	0.031	0.094	0.062	1.0	0.121
tree	0.11	0.105	0.087	0.085	0.02	0.086	0.065	0.066	0.092	0.17	0.121	1.0


Distance Matrix:
	romeo	forest	battle	fool	good	sweet	war	love	juliet	death	river	tree
romeo	1.0	11.673	8.992	6.089	9.309	7.847	8.455	7.581	3.367	5.814	24.263	9.124
forest	11.673	1.0	8.209	11.314	41.2	33.387	18.797	12.605	19.022	9.682	10.86	9.522
battle	8.992	8.209	1.0	11.184	15.255	10.633	5.272	8.942	16.146	5.538	21.669	11.529
fool	6.089	11.314	11.184	1.0	9.507	9.117	9.171	8.711	8.641	7.095	9.314	11.751
good	9.309	41.2	15.255	9.507	1.0	5.272	9.365	18.68	7.985	10.576	20.665	49.711
sweet	7.847	33.387	10.633	9.117	5.272	1.0	10.74	8.267	9.302	7.239	47.69	11.578
war	8.455	18.797	5.272	9.171	9.365	10.74	1.0	10.489	9.595	5.209	10.042	15.46
love	7.581	12.605	8.942	8.711	18.68	8.267	10.489	1.0	13.555	7.829	31.807	15.134
juliet	3.367	19.022	16.146	8.641	7.985	9.302	9.595	13.555	1.0	5.496	10.692	10.876
death	5.814	9.682	5.538	7.095	10.576	7.239	5.209	7.829	5.496	1.0	16.076	5.894
river	24.263	10.86	21.669	9.314	20.665	47.69	10.042	31.807	10.692	16.076	1.0	8.252
tree	9.124	9.522	11.529	11.751	49.711	11.578	15.46	15.134	10.876	5.894	8.252	1.0


Hierarchical Clusters:
Cluster 1 words:
 river

Cluster 2 words:
 tree

Cluster 3 words:
 forest

Cluster 4 words:
 good

Cluster 5 words:
 sweet

Cluster 6 words:
 romeo

Cluster 7 words:
 juliet

Cluster 8 words:
 fool

Cluster 9 words:
 war

Cluster 10 words:
 death

Cluster 11 words:
 battle

Cluster 12 words:
 love


K-means Clusters:
Cluster 1 words:
 forest
 fool
 good
 sweet
 war
 love
 death
 river

Cluster 2 words:
 juliet

Cluster 3 words:
 romeo

Cluster 4 words:
 tree

Cluster 5 words:
 battle

PCA done!
