
Similarity Matrix:
	romeo	forest	battle	fool	good	sweet	war	love	juliet	death	river	tree
romeo	1.0	0.087	0.113	0.165	0.11	0.129	0.116	0.133	0.293	0.174	0.04	0.111
forest	0.087	1.0	0.121	0.09	0.024	0.025	0.053	0.082	0.053	0.103	0.091	0.106
battle	0.113	0.121	1.0	0.089	0.066	0.094	0.191	0.112	0.062	0.18	0.045	0.086
fool	0.165	0.09	0.089	1.0	0.108	0.111	0.11	0.117	0.118	0.142	0.108	0.085
good	0.11	0.024	0.066	0.108	1.0	0.191	0.106	0.055	0.127	0.096	0.052	0.02
sweet	0.129	0.025	0.094	0.111	0.191	1.0	0.095	0.12	0.112	0.138	0.018	0.087
war	0.116	0.053	0.191	0.11	0.106	0.095	1.0	0.095	0.105	0.189	0.099	0.064
love	0.133	0.082	0.112	0.117	0.055	0.12	0.095	1.0	0.077	0.128	0.031	0.066
juliet	0.293	0.053	0.062	0.118	0.127	0.112	0.105	0.077	1.0	0.186	0.094	0.093
death	0.174	0.103	0.18	0.142	0.096	0.138	0.189	0.128	0.186	1.0	0.064	0.168
river	0.04	0.091	0.045	0.108	0.052	0.018	0.099	0.031	0.094	0.064	1.0	0.12
tree	0.111	0.106	0.086	0.085	0.02	0.087	0.064	0.066	0.093	0.168	0.12	1.0


Distance Matrix:
	romeo	forest	battle	fool	good	sweet	war	love	juliet	death	river	tree
romeo	0.0	39.709	42.057	38.948	35.744	40.781	41.053	34.377	37.574	38.178	37.593	42.304
forest	39.709	0.0	37.389	35.781	31.345	38.268	37.695	29.117	38.818	34.809	31.068	37.935
battle	42.057	37.389	0.0	39.102	34.662	40.072	37.858	32.825	41.775	36.498	35.706	41.411
fool	38.948	35.781	39.102	0.0	31.406	37.629	37.618	30.059	38.509	35.163	32.107	39.407
good	35.744	31.345	34.662	31.406	0.0	31.37	32.784	23.917	33.691	30.748	26.637	35.664
sweet	40.781	38.268	40.072	37.629	31.37	0.0	39.042	31.442	39.72	36.402	34.982	40.445
war	41.053	37.695	37.858	37.618	32.784	39.042	0.0	31.79	39.847	35.286	33.576	40.921
love	34.377	29.117	32.825	30.059	23.917	31.442	31.79	0.0	33.385	29.017	25.269	33.762
juliet	37.574	38.818	41.775	38.509	33.691	39.72	39.847	33.385	0.0	36.416	34.911	41.291
death	38.178	34.809	36.498	35.163	30.748	36.402	35.286	29.017	36.416	0.0	32.032	36.977
river	37.593	31.068	35.706	32.107	26.637	34.982	33.576	25.269	34.911	32.032	0.0	34.649
tree	42.304	37.935	41.411	39.407	35.664	40.445	40.921	33.762	41.291	36.977	34.649	0.0


Hierarchical Clusters:
Cluster 1 words:
 river

Cluster 2 words:
 tree

Cluster 3 words:
 forest

Cluster 4 words:
 good

Cluster 5 words:
 sweet

Cluster 6 words:
 romeo

Cluster 7 words:
 juliet

Cluster 8 words:
 fool

Cluster 9 words:
 battle

Cluster 10 words:
 war

Cluster 11 words:
 death

Cluster 12 words:
 love


K-means Clusters:
Cluster 1 words:
 forest
 battle
 fool
 good
 war
 love
 death
 river

Cluster 2 words:
 juliet

Cluster 3 words:
 romeo

Cluster 4 words:
 sweet

Cluster 5 words:
 tree

PCA done!
